12 261
13 260
13 259
13 258
13 257
13 256
13 255
13 254
13 253
13 252
12 251
12 250
12 249
12 248
12 247
11 246
11 245
11 244
11 243
11 242
11 241
12 240
12 239
12 238
12 237
12 236
12 235
12 234
12 233
12 232
12 231
12 230
12 229
12 228
12 227
12 226
12 225
12 224
12 223
12 222
12 221
12 220
12 219
12 218
12 217
12 216
12 215
12 214
12 213
12 212
12 211
12 210
12 209
12 208
12 207
12 206
12 205
12 204
12 203
12 202
12 201
12 200
12 199
12 198
12 197
12 196
13 195
13 194
13 193
13 192
13 191
13 190
13 189
13 188
13 187
13 186
13 185
13 184
13 183
13 182
13 181
13 180
13 179
14 178
14 177
14 176
14 175
14 174
14 173
14 172
14 171
14 170
14 169
13 168
13 167
13 166
13 165
13 164
13 163
13 162
12 161
12 160
12 159
12 158
12 157
11 156
11 155
11 154
11 153
11 152
11 151
11 150
11 149
11 148
11 147
11 146
11 145
11 144
11 143
12 142
12 141
12 140
12 139
12 138
12 137
13 136
13 135
13 134
13 133
13 132
13 131
14 130
14 129
14 128
14 127
14 126
15 125
15 124
15 123
15 122
15 121
15 120
15 119
14 118
14 117
14 116
14 115
13 114
13 113
13 112
12 111
12 110
11 109
11 108
11 107
10 106
10 105
10 104
10 103
10 102
10 101
10 100
10 99
10 98
10 97
11 96
11 95
11 94
11 93
11 92
12 91
12 90
12 89
12 88
12 87
12 86
12 85
12 84
12 83
11 82
11 81
11 80
10 79
10 78
9 77
9 76
8 75
8 74
7 73
7 72
7 71
7 70
7 69
7 68
8 67
8 66
8 65
8 64
8 63
8 62
9 61
9 60
9 59
9 58
9 57
9 56
9 55
9 54
9 53
9 52
9 51
9 50
8 49
8 48
8 47
8 46
8 45
8 44
8 43
8 42
8 41
8 40
8 39
8 38
8 37
8 36
8 35
8 34
8 33
8 32
7 31
7 30
7 29
7 28
7 27
7 26
7 25
7 24
7 23
7 22
7 21
7 20
7 19
7 18
7 17
7 16
7 15
7 14
7 13
7 12
7 11
7 10